variant_id,stop_id
636939,638
636939,3124
636940,3123
636940,636
636941,638
636941,3124
636941,3431
636942,695
636942,3123
636942,636
636943,638
636943,3124
636943,3431
636944,695
636944,3123
636944,636
676249,638
676249,705
676250,706
676250,639
685528,3276
685529,3276
685530,3276
685531,3332
685551,638
685551,3124
685552,3123
685552,636
685553,638
685553,3124
685553,3431
685554,695
685554,3123
685554,636
685555,638
685555,3124
685555,3431
685556,695
685556,3123
685556,636
685557,638
685557,705
685558,706
685558,639
685559,706
685559,639
685560,73
685560,3467
685561,2838
685561,3476
685561,74
685562,149
685563,148
685564,2251
685565,1015
685566,72
685567,73
685568,2716
685569,2715
685570,149
685571,148
685571,2716
685572,2251
685572,895
685573,992
685573,1015
685574,2716
685574,2477
685575,2040
685577,2838
685577,3476
685577,74
685578,2838
685578,3476
685578,74
685578,2716
685580,74
685584,73
685586,149
685586,912
685587,148
685589,148
685589,2716
685590,153
685590,148
685591,153
685591,148
685592,153
685592,148
685592,2716
685593,1015
685594,2251
685599,1015
685599,2716
685601,73
685602,73
685602,2716
685605,2716
685606,149
685606,153
685607,153
685607,148
685608,153
685608,148
685609,153
685609,148
685609,2716
685610,148
685611,148
685612,148
685612,2716
685614,992
685614,1015
685617,992
685617,1015
685618,992
685618,1015
685619,992
685619,1015
685619,2716
685620,2251
685620,895
685621,895
685622,895
685623,2040
685624,2040
685624,2716
685625,73
685625,3467
685627,149
685628,148
685629,2251
685630,1015
685631,72
685632,73
685633,2716
685634,2715
685635,149
685637,2251
685637,895
685638,992
685638,1015
685640,2838
685640,3476
685640,74
685641,2838
685641,3476
685641,74
685641,2716
685642,2838
685642,3476
685642,74
685644,74
685645,74
685645,2716
685647,73
685649,149
685649,912
685650,148
685651,148
685652,148
685652,2716
685653,153
685653,148
685654,153
685654,148
685655,153
685655,148
685655,2716
685656,1015
685661,1015
685662,1015
685662,2716
685663,73
685664,73
685665,73
685665,2716
685668,2716
685673,148
685675,148
685675,2716
685676,148
685677,992
685677,1015
685679,992
685679,1015
685679,2716
685684,895
686493,1249
686493,27
686494,26
686494,3133
687204,1249
687204,27
687205,26
687205,3133
692074,3518
692074,3894
692074,472
692074,3269
692074,3276
692074,3316
692075,3308
692075,26
692076,27
692076,3287
692076,3300
692077,3305
692077,3269
692077,471
692077,3514
692078,515
692078,518
692078,27
692078,3287
692078,3313
692079,3280
692079,3308
692079,26
692080,3518
692080,3894
692080,472
692080,3269
692080,3304
692080,3276
692081,3305
692081,3274
692081,3269
692081,471
692081,3514
692082,3518
692082,3894
692082,472
692082,3269
692082,3276
692082,3341
692082,3316
692083,3518
692083,3894
692083,472
692083,3302
692083,3332
692085,515
692085,518
692085,27
692085,3287
692085,3313
692085,3300
692086,3300
692086,3280
692086,3308
692086,26
692087,515
692087,518
692087,27
692087,3287
692087,3313
692087,3300
692088,3322
692088,3280
692088,3308
692088,26
692090,515
692090,518
692090,27
692090,3287
692090,3313
692091,515
692091,518
692091,27
692091,3287
692091,3313
692092,3300
692092,3280
692092,3308
692092,26
692096,3518
692096,3894
692096,472
692096,3269
692096,3304
692096,3276
692098,3518
692098,3894
692098,472
692098,3349
692099,471
692100,3270
692100,3305
692100,3274
692100,3269
692100,471
692100,3514
692101,3518
692101,3894
692101,472
692101,3269
692101,3276
692101,3316
692102,3308
692102,26
692103,27
692103,3287
692103,3300
692104,3305
692104,3269
692104,471
692104,3514
692105,515
692105,518
692105,27
692105,3287
692105,3313
692106,3280
692106,3308
692106,26
692107,3518
692107,3894
692107,472
692107,3269
692107,3304
692107,3276
692108,3305
692108,3274
692108,3269
692108,471
692108,3514
692110,3518
692110,3894
692110,472
692110,3302
692110,3332
692111,3518
692111,3894
692111,472
692111,3349
692111,3276
692111,3316
692121,3518
692121,3894
692121,472
692121,3349
692121,3304
692121,3276
692124,3518
692124,3894
692124,472
692125,3518
692125,3894
692125,472
692125,3349
692126,471
693523,1218
693523,3892
693523,446
693523,1249
693524,445
693524,3906
693524,459
693525,3894
693526,3906
693527,445
693527,3906
693527,459
693528,3886
693528,1218
693528,3892
693528,446
693528,1249
693529,3894
693530,3906
693531,3420
693531,2782
693531,3640
693531,777
693531,2115
693532,2114
693532,2781
693532,3415
693533,3421
693533,2305
693533,3646
693533,3645
693533,3722
693533,3852
693534,3667
693534,1703
693534,3668
693534,1731
693534,3037
693534,3647
693534,2274
693534,3415
693535,616
693535,1248
693535,711
693535,2279
693535,3599
693535,3604
693535,3601
693535,3663
693535,1083
693536,1200
693536,3662
693536,3600
693536,3603
693536,3598
693536,3415
693536,2828
693536,1819
693537,3716
693537,3065
693537,1082
693537,3670
693537,3658
693537,3720
693537,3415
693538,728
693538,3244
693538,3720
693538,3657
693538,3669
693538,1702
693538,3709
693538,1081
693538,3064
693538,3717
693538,3674
693539,711
693539,3422
693539,3607
693539,3641
693540,3640
693540,3608
693540,3415
693540,2828
693541,616
693541,1248
693541,711
693541,2279
693541,3599
693541,3604
693541,3601
693542,3600
693542,3603
693542,3598
693542,3415
693542,2828
693542,1819
693543,616
693543,1248
693543,711
693543,2279
693543,3599
693543,3604
693544,3617
693544,3603
693544,3598
693544,3415
693544,2828
693544,1819
693545,711
693545,3607
693545,3641
693545,3027
693549,3420
693549,2782
693552,2781
693552,3415
693557,2781
693557,3415
693558,3420
693558,2782
693559,3420
693559,2782
693559,3026
693559,3640
693559,777
693561,3421
693561,2305
693561,3646
693561,3036
693561,1979
693561,3669
693561,1702
693561,3666
693561,3722
693562,2305
693562,3646
693562,3645
693562,3722
693562,3852
693563,3667
693563,1703
693563,3668
693563,1731
693563,3037
693563,3647
693563,2274
693563,3420
693564,3721
693564,3644
693564,1731
693564,3647
693564,2274
693564,3415
693565,3667
693566,3615
693566,3600
693566,3603
693566,3598
693566,3415
693566,2828
693566,1819
693567,3615
693567,3655
693567,3600
693567,3603
693567,3598
693567,3415
693567,2828
693567,1819
693568,1200
693568,3662
693568,3655
693568,3600
693568,3603
693568,3598
693568,3415
693568,2828
693568,1819
693569,1200
693569,3662
693569,3600
693569,3616
693569,3603
693569,3598
693569,3415
693569,2828
693569,1819
693570,3415
693570,2828
693570,1819
693571,616
693571,1248
693571,711
693571,2279
693571,3599
693571,3604
693571,3601
693571,3635
693573,616
693573,1248
693573,711
693575,616
693575,1248
693575,711
693575,2279
693575,3599
693575,3604
693575,3601
693575,3635
693577,3720
693577,3657
693577,3668
693577,1979
693577,1702
693577,3709
693577,1081
693577,3064
693577,3717
693577,3674
693578,3657
693578,3668
693578,1979
693578,3669
693578,1702
693579,3421
693579,728
693579,3657
693579,3669
693579,1702
693579,3709
693579,1081
693579,3701
693579,3717
693579,3674
693581,728
693581,3720
693581,3657
693581,3668
693581,1979
693581,1702
693581,3709
693581,1081
693581,3064
693581,3717
693581,3674
693582,711
693582,728
693582,3669
693582,1702
693584,3673
693584,3716
693584,1703
693584,3670
693584,3658
693584,3720
693584,3415
693585,3673
693585,3716
693585,3065
693585,1082
693585,3670
693585,3658
693585,3720
693587,3673
693587,3716
693587,3065
693587,1082
693587,3668
693587,1979
693587,3670
693587,3658
693587,3720
693587,3415
693588,3673
693588,3716
693588,3065
693588,1082
693589,3673
693589,3716
693589,1082
693590,3245
693590,3415
693591,1081
693591,3064
693591,3717
693591,3674
693592,711
693592,3422
693592,3607
693593,3608
693593,3415
693593,2828
693594,3608
693595,3415
693595,2828
693598,711
693598,3422
693598,3607
693598,3641
693598,3621
693599,711
693599,3422
693599,3607
693599,3641
693599,3621
693600,3640
693600,3608
693602,3620
693602,3640
693602,3608
693602,3415
693602,2828
693603,3620
693603,3640
693603,3608
693603,3415
693603,2828
693604,3620
693604,3640
693604,3608
693604,3415
693604,2828
693605,616
693605,1248
693605,711
693605,2279
693605,3599
693605,3604
693605,3601
693606,616
693606,1248
693606,711
693606,2279
693606,3599
693606,3604
693606,3616
693606,3601
693607,3600
693607,3616
693607,3603
693607,3598
693607,3415
693607,2828
693607,1819
693608,3601
693608,3655
693608,3600
693608,3603
693608,3598
693608,3415
693608,2828
693608,1819
693609,3689
693609,3736
693609,1093
693609,3620
693609,3617
693609,3603
693609,3598
693609,3415
693609,2828
693609,1819
693610,3617
693610,3603
693610,3598
693610,3415
693610,2828
693610,1819
693611,3680
693611,3617
693611,3603
693611,3598
693611,3415
693611,2828
693611,1819
693612,1093
693612,3620
693612,3617
693612,3603
693612,3598
693612,3415
693612,2828
693612,1819
693613,1093
693613,3620
693613,3617
693613,3603
693613,3598
693613,3415
693613,2828
693613,1819
693614,3617
693614,3616
693614,3603
693614,3598
693614,3415
693614,2828
693614,1819
693615,3689
693615,1093
693615,3620
693615,3617
693615,3603
693615,3598
693615,3415
693616,3617
693616,3603
693616,3598
693616,3415
693617,2279
693617,3599
693617,3604
693617,3632
693618,616
693618,1248
693618,711
693618,2279
693618,3599
693618,3604
693618,3632
693618,3621
693618,1092
693619,616
693619,1248
693619,711
693619,2279
693619,3599
693619,3604
693619,3632
693619,3621
693619,1092
693620,2279
693620,3599
693620,3604
693621,616
693621,1248
693621,711
693621,2279
693621,3599
693621,3604
693622,616
693622,1248
693622,711
693622,2279
693622,3599
693622,3604
693622,3601
693622,3655
693622,3600
693623,616
693623,1248
693623,711
693623,2279
693623,3599
693623,3604
693623,3632
693624,616
693624,1248
693624,711
693624,2279
693624,3599
693624,3604
693624,3680
693624,3601
693625,3640
693625,3608
693625,3415
693625,2828
693627,711
693627,3607
693627,3641
693627,3027
693628,3607
693628,3641
693628,3027
693629,3640
693629,3608
693629,3415
693629,2828
693630,711
693630,3607
693630,3641
693630,3027
693630,3727
693631,3728
693631,3640
693631,3608
693631,3415
693631,2828
693632,3728
693632,3640
693632,3608
693632,3415
693632,2828
693633,3689
693633,1297
693633,3728
693633,3640
693633,3608
693633,3415
693633,2828
693635,2114
693635,2781
693635,3415
693636,616
693636,1248
693636,711
693636,2279
693636,3599
693636,3604
693636,3601
693636,3663
693636,1083
693637,1200
693637,3662
693637,3600
693637,3603
693637,3598
693637,3415
693637,2828
693637,1819
693638,3716
693638,3065
693638,1082
693638,3670
693638,3658
693638,3720
693638,3415
693639,728
693639,3244
693639,3720
693639,3657
693639,3669
693639,1702
693639,3709
693639,1081
693639,3064
693639,3717
693639,3674
693640,711
693640,3422
693640,3607
693640,3641
693641,3640
693641,3608
693641,3415
693641,2828
693642,616
693642,1248
693642,711
693642,2279
693642,3599
693642,3604
693642,3601
693643,3600
693643,3603
693643,3598
693643,3415
693643,2828
693643,1819
693644,616
693644,1248
693644,711
693644,2279
693644,3599
693644,3604
693645,3617
693645,3603
693645,3598
693645,3415
693645,2828
693645,1819
693646,711
693646,3607
693646,3641
693646,3027
693650,3420
693650,2782
693651,2782
693654,2781
693654,3415
693656,3420
693656,2782
693656,3641
693657,2781
693657,3415
693658,2781
693658,3415
693659,3420
693659,2782
693662,3615
693662,3600
693662,3603
693662,3598
693662,3415
693662,2828
693662,1819
693663,3615
693663,3655
693663,3600
693663,3603
693663,3598
693663,3415
693663,2828
693663,1819
693667,616
693667,1248
693667,711
693667,2279
693667,3599
693667,3604
693667,3601
693667,3635
693668,616
693668,1248
693668,711
693668,2279
693668,3599
693668,3604
693668,3616
693668,3601
693668,3663
693668,1083
693675,3421
693675,728
693675,3657
693675,3669
693675,1702
693675,3709
693675,1081
693675,3701
693675,3717
693675,3674
693676,728
693676,3657
693676,3668
693676,1979
693676,3669
693676,1702
693676,3709
693676,1081
693676,3064
693676,3717
693676,3674
693679,3673
693679,3716
693679,3065
693679,1082
693679,1703
693679,3668
693679,1979
693679,3670
693679,3658
693679,3720
693679,727
693679,3415
693682,3673
693682,3716
693682,3065
693682,1082
693682,1979
693682,3670
693682,3658
693682,3415
693688,711
693688,3422
693688,3607
693689,3608
693689,3415
693689,2828
693691,3415
693691,2828
693692,3608
693692,3415
693692,2828
693693,711
693693,3422
693693,3607
693697,3608
693697,3415
693697,2828
693702,616
693702,1248
693702,711
693702,2279
693702,3599
693702,3604
693702,3616
693702,3601
693704,3601
693704,3655
693704,3600
693704,3603
693704,3598
693704,3415
693704,2828
693704,1819
693720,616
693720,1248
693720,711
693720,2279
693720,3599
693720,3604
693720,3680
693720,3601
693721,3640
693721,3608
693721,3415
693721,2828
693722,3640
693722,3608
693722,3415
693722,2828
693723,711
693723,3607
693723,3641
693723,3027
693725,3640
693725,3608
693725,3415
693725,2828
697311,1584
697311,1747
697312,1528
697312,1748
697312,1655
697312,1547
697312,3524
697312,2820
697312,1541
697312,1615
697312,1585
697313,1751
697313,1869
697314,1396
697314,1750
697315,1746
697315,1420
697315,3521
697315,2820
697315,1497
697316,1497
697316,2818
697316,3523
697316,1419
697316,1471
697316,1749
697317,1548
697317,1420
697317,1581
697317,1502
697317,1572
697318,1573
697318,1501
697318,1580
697318,1419
697318,1547
697319,1542
697319,1419
697319,1654
697319,1749
697320,1748
697320,1655
697320,1420
697320,1543
697321,1542
697321,3523
697321,1419
697321,1547
697322,1548
697322,1420
697322,3521
697322,1541
697323,1497
697323,2818
697323,2031
697323,1495
697324,1897
697324,2032
697324,1651
697324,2817
697324,1497
697325,1388
697325,1651
697325,2817
697325,1496
697325,1604
697326,1603
697326,1497
697326,2818
697326,1459
697327,2034
697327,1417
697327,3521
697327,1397
697328,1398
697328,3522
697328,1418
697328,2031
697329,1398
697329,3522
697329,1418
697329,2033
697329,1570
697330,2034
697330,1417
697330,3521
697330,1397
697331,1746
697331,1420
697331,1581
697331,1502
697331,1572
697332,1573
697332,1501
697332,1580
697332,1419
697332,1471
697332,1749
697333,1542
697333,2819
697333,3523
697333,1418
697333,2031
697333,1897
697334,1897
697334,2034
697334,1417
697334,3521
697334,2820
697334,1541
697335,1542
697335,1583
697336,1582
697336,1614
697336,2817
697336,1531
697337,1582
697337,1397
697338,1398
697338,1583
697339,1629
697339,2034
697339,1417
697339,1496
697339,1604
697340,1603
697340,1497
697340,3904
697340,1418
697340,2033
697340,1628
697341,1407
697341,2818
697341,1617
697341,1581
697341,1502
697341,1572
697342,1573
697342,1501
697342,1580
697342,2817
697342,1531
697343,1897
697343,2034
697343,1417
697343,1581
697344,1580
697344,1418
697344,2031
697344,1897
697345,1582
697345,1543
697346,1532
697346,2818
697346,1583
697347,1501
697347,1580
697348,2820
697348,1581
697348,1502
697349,1501
697349,1580
697350,1581
697350,1502
697351,1746
697351,1655
697351,1581
697351,1573
697352,1573
697352,1501
697352,1580
697352,1419
697352,1654
697353,1584
697353,3523
697353,1747
697354,1584
697354,3523
697354,1747
697359,3523
697359,1747
697362,1528
697362,1748
697362,1655
697362,1547
697362,3524
697362,2820
697362,1541
697362,1615
697362,1585
697372,1751
697376,1680
697376,1396
697376,1750
697377,1396
697377,1750
697378,1750
697380,2820
697380,1497
697381,1497
697381,2818
697382,2818
697382,3523
697382,1419
697382,1471
697382,1749
697384,1603
697384,1497
697384,2818
697384,3523
697384,1419
697384,1471
697384,1749
697385,1584
697385,1420
697385,3521
697385,2820
697385,1497
697386,1603
697386,1497
697386,2818
697386,3523
697386,1419
697386,1471
697386,1749
697387,3522
697387,1419
697387,1471
697387,1749
697388,1746
697388,1420
697388,3521
697389,1584
697389,1472
697389,1749
697390,1584
697390,1472
697390,1749
697392,1746
697396,1548
697396,1420
697398,1548
697398,1420
697398,1502
697398,1572
697400,1573
697400,1501
697400,1580
697400,1419
697400,1547
697401,1573
697401,1501
697401,1580
697402,1573
697402,1501
697402,1580
697402,1419
697402,1547
697403,1502
697403,1572
697404,1548
697404,1420
697404,1581
697404,1502
697404,1572
697405,1548
697405,1420
697405,1581
697405,1502
697405,1572
697406,1548
697406,1420
697406,1581
697406,1502
697406,1573
697409,1581
697409,1502
697409,1572
697410,1419
697410,1547
697414,1548
697414,1420
697415,1748
697415,1655
697415,1420
697416,1542
697417,1541
697421,1751
697422,1748
697422,1655
697422,1420
697422,1543
697422,1410
697424,1749
697426,1542
697427,1548
697427,1420
697427,3521
697428,1531
697429,1541
697431,3522
697431,1419
697431,1547
697432,1497
697432,2818
697432,2031
697432,1495
697433,1497
697433,2818
697435,1897
697435,2032
697435,1651
697435,2817
697435,1497
697439,1897
697440,1495
697444,1897
697445,1603
697445,1497
697445,2818
697447,1497
697447,2818
697447,1459
697448,1680
697448,1388
697448,1651
697448,2817
697448,1604
697449,1680
697449,1388
697449,1651
697449,2817
697449,1496
697449,1604
697449,1484
697451,1869
697453,1604
697455,1603
697455,1497
697457,2034
697457,1417
697457,3521
697462,3523
697462,1418
697462,2031
697464,1398
697464,3522
697464,1418
697464,2031
697464,1868
697471,1868
697476,2033
697476,1570
697478,2033
697478,1570
697479,2034
697479,1417
697479,3521
697479,1397
697482,1398
697482,3522
697482,1418
697482,2033
697482,1570
697484,1746
697484,1420
697484,1581
697484,1502
697484,1572
697487,1581
697487,1502
697487,1572
697489,1581
697489,1502
697489,1572
697491,1581
697491,1502
697491,1572
697492,1472
697492,1749
697495,1746
697498,1573
697498,1501
697498,1580
697500,1542
697500,2819
697500,3523
697500,1418
697500,2031
697500,1495
697503,1897
697503,2034
697503,1417
697503,3521
697503,2820
697505,1531
697505,1408
697506,3523
697506,1418
697506,2031
697506,1897
697508,1409
697508,1542
697508,3523
697508,1418
697508,2031
697508,1897
697510,1897
697511,1897
697511,2034
697511,1417
697511,3521
697512,1897
697514,1407
697515,1582
697515,1614
697515,2817
697515,1531
697515,1408
697517,1542
697519,1531
697520,1587
697521,1587
697526,1586
697527,1586
697528,1582
697528,2817
697535,1582
697535,1397
697539,1398
697539,1541
697539,1583
697546,1614
697546,1543
697546,1397
697550,1497
697550,3904
697550,1418
697550,2033
697550,1628
697551,3904
697551,1418
697551,2033
697551,1628
697553,1629
697553,2031
697555,1496
697555,1604
697557,2033
697557,1628
697559,2033
697559,1628
697562,1389
697562,2033
697562,1628
697567,1603
697567,1497
697568,2820
697568,1496
697568,1604
697569,1407
697569,2818
697571,1573
697571,1501
697571,1580
697573,2820
697573,1581
697573,1502
697573,1572
697575,1407
697577,1581
697577,1502
697577,1572
697578,1578
697578,2817
697578,1531
697579,2817
697579,1531
697581,1407
697581,2818
697581,1617
697581,1581
697581,1502
697581,1572
697584,1531
697592,1573
697592,1501
697592,1580
697593,1580
697594,1580
697594,1418
697594,2031
697594,1495
697596,1897
697596,2034
697596,1417
697596,1581
697598,1581
697603,1897
697605,1897
697606,1897
697609,1495
697612,1897
697620,1532
697620,2818
697620,1583
697621,1587
697623,1531
697624,1531
697626,1532
697626,2818
697626,1583
697627,1532
697627,2818
697627,1583
697628,1586
697630,1582
697630,1543
697631,1532
697635,1501
697635,1580
697637,1581
697637,1502
697638,1581
697638,1502
697640,1501
697640,1580
697640,1544
697642,2820
697649,1419
697649,1654
697653,1746
697653,1655
697653,1420
697656,1573
697656,1501
697658,1419
697658,1654
697659,1581
697659,1502
697659,1573
697665,526
697665,538
697666,539
697666,527
697667,3518
697667,1218
697667,1219
697667,472
697668,475
697668,471
697668,463
697668,3514
697669,3134
697669,3132
697669,3514
697669,317
697669,281
697669,3490
697670,3489
697670,2863
697670,316
697670,3518
697670,3892
697670,1249
697670,3134
697671,3421
697671,2275
697672,2276
697672,3415
697672,2771
697673,2506
697673,3422
697673,2013
697673,761
697674,760
697674,1230
697674,2711
697674,3419
697674,735
697674,2935
697674,2646
697675,480
697675,2035
697675,350
697676,3807
697676,349
697676,1215
697676,481
697678,896
697678,348
697678,1215
697678,481
697679,378
697679,3890
697679,480
697679,1249
697679,3134
697680,3134
697680,463
697680,481
697680,3891
697680,2341
697681,480
697681,347
697681,2666
697681,897
697681,18
697682,18
697682,896
697682,1215
697682,481
697683,518
697683,436
697683,3134
697684,469
697684,2905
697684,435
697684,1011
697685,2863
697685,316
697685,3518
697685,1249
697685,3134
697686,3134
697686,3132
697686,3514
697686,317
697686,281
697686,1906
697687,3412
697687,3547
697687,256
697687,1151
697687,305
697687,3891
697688,3890
697688,304
697688,2855
697688,255
697688,1759
697688,3416
697689,553
697689,1742
697689,3517
697689,480
697690,481
697690,3526
697690,1743
697690,554
697691,891
697691,1138
697691,3412
697691,211
697691,240
697691,3518
697691,3104
697691,509
697691,546
697691,27
697692,26
697692,1330
697692,508
697692,3104
697692,3514
697692,242
697692,212
697692,3416
697692,1251
697693,216
697693,226
697693,240
697693,305
697693,3900
697694,3901
697694,304
697694,242
697694,884
697694,217
697695,2880
697695,553
697695,1740
697695,1330
697695,508
697695,3105
697695,3514
697695,242
697695,212
697695,129
697695,1251
697696,3008
697696,891
697696,1138
697696,211
697696,240
697696,3105
697696,509
697696,546
697696,1743
697696,554
697697,803
697697,553
697697,1740
697697,1330
697697,508
697697,3103
697697,480
697697,2527
697698,2528
697698,481
697698,3103
697698,509
697698,546
697698,1743
697698,554
697699,16
697699,3547
697699,256
697699,1151
697699,494
697699,3518
697699,3102
697699,509
697699,546
697699,613
697699,3895
697699,637
697700,3811
697700,639
697700,3896
697700,1819
697700,1330
697700,508
697700,3102
697700,3514
697700,1154
697700,255
697700,1759
697700,15
697701,1215
697701,481
697701,3104
697701,509
697701,3805
697701,255
697701,3874
697701,3801
697702,3802
697702,3879
697702,256
697702,3806
697702,508
697702,3103
697702,480
697702,2035
697705,1230
697705,3415
697705,2828
697705,1819
697705,1330
697705,508
697705,3107
697705,3514
697705,2816
697705,1154
697705,281
697706,1151
697706,494
697706,2815
697706,3518
697706,3102
697706,509
697706,841
697706,1248
697706,711
697707,2863
697707,316
697707,2816
697707,1178
697707,613
697707,3895
697708,3899
697708,1819
697708,617
697708,2815
697708,317
697708,281
697709,1901
697709,613
697709,3896
697710,3899
697710,1892
697710,603
697710,1900
697711,636
697711,818
697711,241
697711,494
697711,3900
697712,3901
697712,952
697712,1782
697712,638
697713,255
697713,271
697713,281
697713,378
697714,2342
697714,2861
697714,1149
697714,256
697715,1160
697715,651
697715,656
697715,508
697715,3106
697715,3514
697715,3901
697716,3890
697716,3518
697716,3106
697716,509
697716,2816
697716,1175
697716,650
697716,665
697717,637
697717,656
697717,1330
697717,3517
697717,480
697718,481
697718,3526
697718,547
697718,1175
697718,638
697719,26
697719,445
697719,3906
697719,319
697719,2855
697719,255
697720,256
697720,1151
697720,318
697720,3892
697720,27
697721,242
697721,884
697721,217
697721,212
697721,3547
697721,2884
697722,251
697722,1759
697722,1142
697722,216
697722,226
697722,240
697723,3899
697723,637
697723,666
697723,212
697723,255
697723,271
697723,2863
697724,284
697724,2861
697724,1149
697724,256
697724,1142
697724,824
697724,639
697724,3896
697725,255
697725,261
697725,179
697725,3800
697726,3799
697726,3802
697726,180
697726,256
697727,255
697727,261
697727,179
697727,3800
697728,3799
697728,3802
697728,180
697728,262
697728,256
697729,977
697729,1312
697729,818
697729,241
697730,3412
697730,1306
697730,2863
697730,3900
697730,2527
697731,2528
697731,3901
697731,2855
697731,1174
697731,3416
697731,116
697732,1901
697732,604
697732,711
697732,2305
697733,2274
697733,3415
697733,2828
697733,603
697733,1900
697734,378
697734,864
697734,2816
697734,546
697734,1741
697734,711
697734,2305
697735,2274
697735,3415
697735,2828
697735,1740
697735,2815
697735,3891
697735,396
697735,2342
697736,576
697736,567
697737,582
697737,568
697737,2949
697737,575
697737,1740
697738,481
697738,3526
697738,1743
697738,554
697739,553
697739,1742
697739,480
697740,2274
697740,3415
697740,2828
697740,1819
697740,2028
697740,884
697740,212
697741,1142
697741,228
697741,1176
697741,1248
697741,711
697741,2305
697742,115
697742,1139
697742,981
697742,799
697742,1025
697743,91
697743,798
697743,994
697744,1160
697744,3798
697744,639
697744,3896
697744,1892
697744,568
697745,567
697745,1189
697745,613
697745,3895
697745,637
697745,644
697745,1329
697745,665
697746,3105
697746,509
697746,841
697746,804
697746,576
697746,567
697747,575
697747,977
697747,1330
697747,3105
697748,3891
697748,3138
697748,3924
697748,3406
697748,3405
697748,3404
697748,3403
697749,3405
697749,3404
697749,3403
697749,3924
697749,864
697749,3890
697750,2028
697750,884
697750,215
697751,214
697751,228
697751,1176
697752,884
697752,217
697752,2479
697752,115
697753,114
697753,788
697753,216
697753,226
697754,3526
697754,3797
697754,255
697755,256
697755,3806
697756,55
697756,2274
697756,2304
697756,3415
697756,2828
697756,3239
697756,1740
697756,1330
697756,2954
697756,508
697756,3102
697756,3514
697756,2861
697756,1149
697756,251
697757,2884
697757,271
697757,2863
697757,3518
697757,3102
697757,509
697757,2953
697757,546
697757,1741
697757,3240
697757,711
697757,2273
697757,2305
697758,1901
697758,604
697758,711
697759,3415
697759,2828
697759,603
697759,1900
697760,647
697760,639
697760,3896
697760,1248
697760,711
697760,2305
697761,51
697761,2274
697761,3415
697761,2828
697761,613
697761,3895
697761,638
697761,700
697762,637
697762,656
697762,242
697762,255
697763,256
697763,240
697763,1175
697763,1318
697763,636
697764,3895
697764,637
697764,668
697764,2172
697765,2173
697765,667
697765,3798
697765,639
697765,3896
697766,636
697766,818
697766,242
697766,255
697766,271
697767,1149
697767,256
697767,240
697767,1782
697767,639
697768,3797
697768,255
697769,256
697769,3806
697770,1125
697770,788
697770,216
697770,226
697770,240
697770,1330
697770,508
697770,3107
697770,3892
697770,1249
697770,3134
697771,469
697771,3132
697771,3906
697771,3104
697771,547
697771,242
697771,884
697771,217
697771,2479
697772,3526
697772,546
697772,1178
697772,1248
697772,711
697773,3415
697773,2828
697773,1819
697773,617
697773,1330
697773,3517
697774,3805
697774,255
697774,261
697774,179
697774,3222
697775,3221
697775,180
697775,262
697775,256
697775,3806
697776,636
697776,818
697776,508
697776,3106
697776,3514
697776,396
697777,864
697777,3890
697777,3518
697777,3106
697777,509
697777,2816
697777,1782
697777,638
697778,1901
697778,604
697778,711
697779,3884
697779,3415
697779,2828
697779,603
697779,1900
697780,637
697780,666
697780,212
697780,195
697780,179
697781,180
697781,1142
697781,824
697781,638
697782,1289
697782,2029
697782,637
697782,668
697782,2172
697782,675
697783,674
697783,3811
697783,667
697783,642
697783,636
697783,1176
697784,665
697785,1160
697786,636
697786,818
697786,508
697786,3106
697786,3514
697786,1000
697786,2342
697787,864
697787,3890
697787,3518
697787,3106
697787,509
697787,2816
697787,1782
697787,638
697788,1239
697788,281
697788,403
697788,3924
697789,3405
697789,3404
697789,3924
697789,2855
697790,3797
697790,255
697791,256
697791,3806
697792,242
697792,212
697792,115
697792,1025
697793,1125
697793,114
697793,211
697794,242
697794,884
697794,217
697794,115
697794,91
697795,94
697795,1125
697795,3762
697795,216
697795,226
697796,2816
697796,952
697796,1782
697796,1313
697796,1742
697796,3517
697797,526
697797,529
697797,538
697798,526
697798,538
697798,3272
697799,526
697799,529
697799,538
697799,3272
697800,526
697800,538
697801,539
697801,527
697802,3272
697802,539
697802,527
697803,539
697803,528
697803,527
697805,3518
697805,1218
697805,1219
697805,472
697805,3294
697807,3295
697807,475
697807,471
697807,463
697807,3514
697808,475
697808,471
697808,463
697809,3134
697809,3132
697809,3514
697809,317
697809,281
697811,3518
697811,3892
697811,1249
697811,3134
697812,3518
697812,3892
697812,1249
697812,3134
697813,469
697813,3132
697813,3514
697813,317
697813,281
697813,3490
697814,2275
697815,2276
697815,3415
697816,2506
697817,760
697817,1230
697817,2711
697817,3419
697817,735
697817,2935
697817,2646
697819,2506
697819,3422
697819,2013
697820,3422
697820,2013
697821,480
697821,2035
697821,350
697822,480
697822,2035
697822,350
697822,2010
697823,480
697823,2035
697823,350
697823,2010
697824,480
697824,2035
697824,350
697825,3807
697825,349
697825,1215
697825,481
697826,480
697826,347
697826,2666
697826,897
697827,480
697827,347
697827,2666
697827,897
697828,480
697828,347
697828,2666
697828,897
697828,864
697829,378
697829,3890
697829,480
697829,1249
697829,3134
697830,3134
697830,463
697830,481
697830,3891
697830,2341
697831,481
697831,3891
697831,2341
697833,3134
697833,463
697833,481
697833,3891
697833,2341
697835,378
697835,3890
697835,480
697835,1249
697835,3134
697841,378
697841,3890
697841,480
697841,3894
697842,378
697842,3890
697842,480
697842,3894
697843,480
697843,347
697843,2666
697843,897
697843,18
697843,864
697844,480
697844,347
697844,2666
697844,897
697844,18
697844,2010
697845,480
697845,347
697845,2666
697845,897
697845,18
697846,469
697846,2905
697846,435
697846,1011
697846,543
697846,1175
697848,469
697848,3132
697848,3514
697848,317
697848,281
697848,1906
697849,2863
697849,316
697849,3518
697849,1249
697849,3134
697850,3134
697850,3132
697850,3514
697850,317
697850,281
697850,1906
697850,3490
697851,316
697851,3518
697851,1249
697851,3134
697852,3412
697852,3547
697852,256
697852,1151
697852,305
697852,3891
697853,305
697853,3891
697854,3890
697854,304
697854,2855
697854,255
697854,1759
697854,3416
697855,3890
697855,304
697856,1151
697856,305
697856,3891
697857,1151
697857,305
697857,3891
697858,3412
697858,3547
697858,256
697858,1151
697858,305
697858,3891
697862,1151
697862,305
697862,3891
697863,3890
697863,304
697863,2855
697864,3890
697864,304
697869,891
697869,1138
697869,3412
697869,211
697869,240
697869,3518
697870,509
697870,546
697870,27
697871,1138
697871,3412
697871,211
697871,240
697872,3514
697872,242
697872,212
697872,3416
697872,1251
697873,26
697873,1330
697873,508
697873,3104
697873,3514
697873,242
697873,212
697873,3416
697875,26
697875,1330
697875,508
697876,26
697876,1330
697876,545
697876,543
697876,1175
697879,304
697879,242
697879,884
697879,217
697880,3901
697880,304
697880,242
697880,884
697880,217
697882,216
697882,226
697882,240
697882,305
697882,3900
697884,3901
697884,304
697884,242
697884,884
697884,217
697889,2880
697889,553
697889,1740
697889,1330
697889,508
697892,509
697893,3008
697893,891
697893,1138
697893,211
697893,240
697893,3518
697894,2880
697894,553
697894,804
697894,637
697895,553
697895,1740
697895,1330
697895,508
697895,3103
697895,480
697898,803
697898,553
697898,1740
697898,1330
697898,508
697899,509
697899,547
697901,2528
697901,481
697901,3103
697901,509
697901,546
697901,1743
697901,554
697902,2528
697902,481
697902,509
697902,547
697907,639
697907,3896
697907,1819
697907,1330
697907,508
697908,3514
697908,1154
697908,255
697908,1759
697908,15
697909,16
697909,3547
697909,256
697909,1151
697909,494
697909,3518
697909,3102
697910,16
697910,3547
697910,256
697910,1151
697910,494
697910,3518
697911,3899
697911,1819
697911,1330
697911,508
697911,3102
697911,3514
697911,1154
697911,255
697911,1759
697911,15
697912,16
697912,3547
697912,256
697912,1151
697912,494
697912,3518
697912,3102
697912,509
697912,546
697912,613
697912,3895
697914,509
697914,546
697914,613
697914,3895
697914,637
697914,3833
697915,3899
697915,637
697916,509
697916,546
697916,613
697916,3895
697916,637
697917,546
697917,613
697917,3895
697917,637
697918,546
697918,613
697918,3895
697918,637
697919,546
697919,613
697919,3895
697919,637
697920,3833
697920,3811
697920,638
697921,3811
697921,638
697924,1215
697925,1215
697925,481
697926,3802
697926,3879
697926,256
697926,3806
697926,508
697926,3103
697926,480
697926,2035
697928,3802
697928,3879
697928,256
697928,3806
697928,508
697930,480
697930,2035
697933,256
697933,3806
697933,508
697935,256
697935,3806
697935,508
697936,509
697936,3805
697936,255
697937,1215
697937,481
697938,1215
697938,481
697939,3901
697939,315
697939,952
697939,1782
697941,2861
697941,1149
697941,256
697941,1142
697941,824
697942,666
697942,212
697942,255
697942,271
697942,281
697944,2861
697944,1149
697944,256
697944,1142
697944,824
697945,666
697945,212
697945,255
697945,271
697947,2861
697947,1149
697947,256
697947,1142
697947,824
697947,879
697948,2861
697948,1149
697956,666
697956,212
697956,255
697956,271
697956,281
697957,1230
697957,3415
697957,2828
697957,1819
697957,1330
697957,508
697957,3107
697957,3514
697957,2816
697957,1154
697957,281
697962,1230
697962,3415
697962,2828
697962,1819
697962,1330
697962,508
697963,2855
697963,205
697965,1230
697965,3415
697965,2828
697965,613
697965,637
697966,1248
697966,711
697967,509
697967,841
697967,1248
697967,711
697968,3899
697968,1819
697968,617
697968,2815
697968,317
697968,281
697969,3896
697969,1819
697969,617
697969,2815
697969,317
697969,281
697970,3896
697972,3896
697973,2863
697973,316
697973,2816
697973,1178
697973,613
697973,3895
697974,2863
697974,316
697974,2816
697974,1178
697974,613
697974,3895
697975,3899
697978,1178
697978,613
697978,3895
697979,1901
697979,613
697980,1901
697980,613
697982,1901
697984,3899
697984,1892
697984,603
697984,1900
697985,3899
697988,3899
697988,1892
697988,603
697988,1900
697992,3899
697992,1892
697992,603
697992,1900
697993,1892
697993,603
697993,1900
697994,1892
697994,603
697994,1900
697995,1892
697995,603
697995,1900
697996,3896
697998,3899
698000,3901
698000,952
698000,1782
698000,638
698001,638
698002,638
698003,638
698004,636
698004,818
698004,241
698004,494
698004,3900
698006,637
698010,2861
698010,1149
698010,256
698011,2342
698011,2861
698011,1149
698011,256
698012,255
698012,271
698012,281
698012,378
698012,1153
698013,1153
698013,2342
698013,2861
698013,1149
698013,256
698014,1153
698014,2342
698014,2861
698014,1149
698014,256
698015,2342
698015,2861
698015,1149
698015,256
698016,2342
698016,2861
698016,1149
698016,256
698017,2342
698018,1153
698018,2342
698018,2861
698018,1149
698018,256
698019,255
698019,271
698019,281
698019,378
698020,255
698020,271
698020,281
698021,255
698021,271
698021,281
698022,255
698022,271
698022,281
698022,378
698022,1153
698025,2342
698026,255
698026,3879
698030,1160
698030,651
698030,656
698030,508
698030,3106
698030,3514
698030,3901
698031,1160
698031,651
698031,656
698031,508
698031,3106
698031,3514
698031,3901
698032,3890
698032,3518
698032,3106
698032,509
698032,2816
698032,1175
698032,650
698032,665
698037,1160
698037,651
698038,3890
698038,3518
698039,481
698039,3526
698039,547
698039,1175
698039,638
698040,481
698040,3526
698040,547
698040,1175
698040,638
698041,637
698042,638
698043,656
698043,1330
698043,3517
698043,480
698044,481
698044,3526
698044,547
698044,1175
698045,445
698045,3906
698045,319
698045,2855
698045,255
698046,256
698046,1151
698046,318
698046,3892
698047,1151
698047,318
698047,3892
698047,27
698048,318
698048,3892
698049,3892
698049,27
698050,256
698051,445
698051,3906
698051,319
698051,2855
698051,255
698052,26
698052,445
698052,3906
698052,319
698052,2855
698052,255
698053,26
698053,445
698053,3906
698053,319
698054,26
698054,445
698054,3906
698054,319
698055,26
698055,445
698055,3906
698055,319
698056,445
698056,3906
698056,319
698057,255
698058,255
698061,251
698061,1759
698061,1142
698061,216
698061,226
698061,240
698062,251
698062,1759
698062,1142
698062,216
698062,226
698062,240
698064,818
698064,241
698066,212
698066,3547
698066,2884
698067,251
698067,1759
698067,1142
698068,242
698068,884
698068,217
698068,212
698068,3547
698068,2884
698069,978
698069,952
698070,637
698070,666
698070,212
698070,255
698070,271
698070,2863
698072,3899
698072,637
698072,666
698072,212
698072,255
698072,271
698072,1906
698073,256
698073,1142
698073,824
698073,639
698074,1149
698074,256
698074,1142
698074,824
698074,639
698074,3896
698075,284
698075,2861
698075,1149
698075,256
698075,205
698075,1142
698075,824
698077,666
698077,212
698077,255
698077,271
698077,2863
698078,1040
698078,2863
698080,639
698080,3896
698081,3899
698081,637
698082,3899
698083,637
698084,3799
698084,3802
698084,180
698084,256
698085,255
698085,261
698085,179
698085,3800
698086,3799
698086,3802
698086,180
698087,3799
698087,3802
698087,180
698087,256
698088,656
698088,241
698091,255
698091,261
698091,179
698091,3800
698093,3799
698093,3802
698093,180
698093,262
698093,256
698095,3799
698095,3802
698095,180
698095,262
698095,256
698097,1312
698097,818
698097,241
698098,977
698098,1312
698098,1871
698098,1782
698099,494
698100,3412
698100,1306
698100,2863
698100,3900
698100,2527
698101,3131
698102,1306
698102,2863
698102,3900
698102,2527
698104,2528
698104,3901
698104,2855
698105,2528
698105,3901
698105,2855
698105,1174
698107,2528
698107,3901
698108,1901
698108,604
698108,711
698108,2305
698110,711
698110,2305
698111,711
698111,2305
698112,603
698112,1900
698113,2274
698113,3415
698113,2828
698114,378
698115,2274
698115,3415
698115,2828
698115,1740
698115,2815
698115,3891
698115,396
698115,2342
698116,2274
698116,3415
698116,2828
698116,1740
698116,2815
698117,2274
698117,3415
698117,2828
698117,1740
698117,2815
698118,378
698118,864
698118,2816
698118,546
698118,1741
698118,711
698118,2305
698119,2815
698119,3891
698119,396
698119,2342
698120,1740
698120,2815
698120,3891
698120,396
698120,2342
698121,2274
698121,3415
698121,2828
698122,2274
698123,378
698123,864
698123,2816
698125,711
698125,2305
698127,582
698127,568
698127,2949
698127,575
698128,582
698128,568
698128,2949
698128,575
698128,1740
698128,874
698128,613
698129,576
698129,567
698130,582
698130,568
698130,2949
698131,576
698131,1034
698131,1701
698131,567
698132,576
698132,1034
698132,1701
698132,567
698133,576
698133,595
698133,567
698134,576
698134,595
698134,567
698135,582
698135,568
698135,596
698135,575
698135,1740
698136,582
698136,568
698136,2949
698136,1034
698136,1701
698136,575
698136,1740
698137,1819
698137,1743
698138,1819
698138,1743
698139,553
698139,1742
698139,3517
698139,480
698139,2527
698140,3517
698140,480
698141,480
698144,2028
698144,884
698144,212
698145,1142
698145,228
698145,1176
698146,2274
698146,3415
698146,2828
698146,613
698147,1142
698147,228
698147,1176
698147,613
698148,1142
698148,228
698151,1248
698151,711
698151,2305
698152,884
698152,212
698154,115
698154,1139
698154,981
698155,994
698157,115
698157,1139
698157,981
698157,799
698157,1025
698159,91
698159,798
698159,994
698160,994
698161,115
698161,1139
698161,981
698161,799
698161,1025
698162,1160
698162,639
698162,3896
698162,1892
698162,568
698163,1160
698163,3798
698163,639
698163,3896
698163,1892
698163,567
698164,568
698164,1189
698164,613
698164,3895
698164,637
698164,644
698164,1329
698164,665
698165,1160
698165,3798
698165,639
698165,3896
698165,1892
698165,568
698165,1034
698165,1701
698166,1160
698166,3798
698166,639
698166,3896
698166,1892
698166,1034
698166,1701
698166,567
698167,3798
698167,639
698167,3896
698167,1892
698167,1034
698167,1701
698167,567
698168,1160
698168,3798
698168,639
698168,3896
698168,1892
698168,2117
698168,568
698169,1160
698169,3798
698169,639
698169,3896
698169,1892
698169,2117
698169,568
698170,1160
698170,3798
698170,639
698170,3896
698170,1892
698170,2117
698170,567
698171,1034
698171,1701
698171,567
698171,1189
698171,613
698171,3895
698171,637
698171,644
698171,1329
698171,665
698172,568
698172,2117
698172,613
698172,3895
698172,637
698172,644
698172,1329
698172,665
698173,568
698173,1034
698173,1701
698173,2117
698173,613
698173,3895
698173,637
698173,644
698173,1329
698173,665
698174,567
698174,2117
698174,613
698174,3895
698174,637
698174,644
698174,1329
698174,665
698175,568
698176,567
698176,2117
698177,568
698177,613
698177,3895
698177,637
698177,644
698178,567
698178,613
698178,3895
698178,637
698178,644
698179,1160
698180,3798
698180,639
698180,3896
698180,1892
698180,567
698181,1329
698181,665
698187,3105
698187,509
698187,547
698188,3891
698188,3138
698188,3924
698188,3406
698189,3891
698189,3138
698189,3924
698189,3406
698191,3405
698191,3404
698191,3403
698191,3924
698191,864
698192,3405
698192,3404
698192,3403
698192,3924
698192,864
698192,3890
698193,3405
698193,3404
698193,3403
698193,3924
698193,864
698193,3890
698194,3405
698194,3404
698194,3403
698194,3924
698194,864
698194,3890
698196,214
698196,228
698196,1176
698197,214
698197,228
698197,1176
698200,242
698200,884
698200,217
698200,2479
698200,115
698202,216
698202,226
698203,114
698203,788
698203,216
698203,226
698204,114
698204,788
698204,216
698204,226
698204,952
698204,1782
698205,114
698205,788
698205,216
698205,226
698205,952
698205,1782
698206,818
698206,242
698206,884
698206,217
698206,2479
698206,115
698207,2479
698207,115
698208,3514
698208,2816
698208,3797
698208,255
698209,256
698211,55
698211,2796
698211,2274
698211,2304
698211,3415
698211,2828
698211,3239
698211,1740
698211,1330
698211,2954
698211,508
698212,55
698212,2796
698212,2274
698212,2304
698212,3415
698212,2828
698212,3239
698212,1740
698212,1330
698212,2954
698212,508
698215,2273
698215,2305
698216,1149
698216,251
698217,55
698217,2796
698217,2274
698217,2304
698217,3415
698217,2828
698217,3239
698217,1740
698217,1330
698217,2954
698217,508
698217,3102
698217,3514
698217,2861
698217,1149
698217,251
698218,55
698218,2274
698218,2304
698218,3415
698218,2828
698219,2274
698219,2304
698219,3415
698219,2828
698219,637
698220,55
698220,2796
698220,2274
698220,2304
698220,3415
698220,2828
698220,637
698221,2884
698221,271
698221,2863
698221,3518
698221,3102
698221,509
698221,2953
698221,546
698221,1741
698221,711
698221,2273
698221,2305
698221,2796
698222,2861
698222,1906
698222,1149
698222,251
698223,3514
698223,2855
698224,509
698224,2953
698224,546
698224,1741
698225,1759
698225,116
698226,1759
698226,116
698226,788
698227,1759
698227,1142
698228,1901
698228,604
698228,711
698229,1901
698229,604
698229,711
698231,1248
698231,711
698232,1248
698232,711
698233,711
698234,3415
698234,2828
698234,613
698235,1901
698235,602
698236,603
698236,1900
698237,51
698237,2274
698237,3415
698237,2828
698237,613
698237,3895
698237,638
698239,647
698239,637
698240,639
698240,3896
698240,1248
698240,711
698240,2305
698241,2305
698242,638
698242,700
698243,637
698243,656
698243,242
698243,255
698244,637
698244,656
698244,242
698244,255
698245,637
698246,636
698247,656
698247,242
698247,255
698248,256
698248,240
698248,1175
698248,1165
698249,2173
698249,667
698249,3798
698249,639
698249,3896
698250,2173
698250,667
698250,3798
698251,3895
698251,637
698252,2173
698253,639
698253,3896
698254,667
698254,3798
698254,639
698254,3896
698255,2172
698256,1149
698256,256
698256,240
698256,1782
698256,639
698257,639
698258,636
698258,818
698258,242
698258,255
698258,271
698260,1149
698260,256
698260,240
698260,1782
698261,256
698261,3806
698262,256
698262,3806
698263,256
698267,255
698268,613
698269,255
698272,3892
698272,1249
698272,3134
698273,1125
698273,788
698273,216
698273,226
698273,240
698273,1330
698273,3107
698273,3892
698273,1249
698273,3134
698274,1249
698274,3134
698275,788
698275,216
698275,226
698275,240
698275,1330
698275,3107
698276,788
698276,2554
698277,1125
698277,788
698277,216
698277,226
698277,240
698277,1330
698281,216
698281,226
698281,240
698281,1330
698283,469
698283,3132
698283,3906
698283,3104
698283,547
698283,242
698283,884
698283,217
698284,3906
698284,3104
698284,547
698284,242
698284,884
698284,217
698284,2479
698285,3134
698285,3132
698285,3906
698285,509
698285,547
698285,1175
698287,3134
698287,3132
698287,3906
698287,3104
698287,547
698287,242
698287,884
698287,217
698287,2479
698288,3906
698288,3104
698288,547
698288,242
698288,884
698288,217
698288,788
698290,547
698290,242
698290,884
698290,217
698290,788
698291,788
698291,2554
698294,3526
698294,546
698294,1178
698294,1248
698294,711
698295,3415
698295,2828
698295,1819
698295,617
698295,1330
698295,3517
698296,3415
698296,2828
698296,1819
698296,617
698296,1330
698296,3517
698297,1819
698297,617
698297,1330
698297,3517
698298,1819
698298,617
698298,1330
698299,1248
698299,711
698300,3415
698300,2828
698300,613
698301,3526
698301,546
698301,1178
698301,613
698303,3574
698304,255
698304,261
698304,179
698304,3222
698306,3221
698306,180
698306,262
698306,256
698307,3221
698307,180
698307,262
698307,256
698307,3806
698307,901
698308,636
698308,818
698308,508
698308,3106
698308,3514
698310,509
698310,2816
698310,1782
698310,638
698311,3514
698311,396
698312,3901
698313,864
698313,3890
698313,3518
698313,3106
698313,509
698313,2816
698313,1782
698313,638
698316,3884
698316,3415
698316,2828
698317,3884
698317,3415
698317,2828
698318,711
698319,603
698319,1900
698320,1901
698320,602
698321,638
698323,637
698323,666
698323,212
698323,195
698323,179
698325,637
698326,674
698326,3811
698326,667
698326,642
698326,636
698326,1176
698327,1289
698327,2029
698327,637
698327,668
698328,674
698328,3811
698329,667
698329,642
698329,636
698329,1176
698330,2172
698330,675
698331,1160
698333,665
698334,271
698334,281
698335,271
698335,281
698336,864
698336,3890
698336,3518
698336,3106
698337,864
698337,3890
698337,3518
698337,3106
698337,509
698337,2816
698337,1782
698337,638
698339,281
698339,403
698339,3406
698343,3405
698343,3404
698343,3924
698343,2855
698346,1125
698346,114
698346,211
698346,240
698347,1125
698347,114
698347,211
698347,240
698348,1125
698348,114
698349,242
698349,212
698349,115
698349,1025
698350,115
698350,1025
698353,94
698353,1125
698353,3762
698353,216
698353,226
698354,884
698354,217
698354,115
698354,91
698355,94
698355,1125
698355,3762
698355,216
698355,226
698355,240
698356,94
698356,1125
698356,3762
698356,216
698356,226
698357,799
698357,94
698357,1125
698357,3762
698357,216
698357,226
698359,799
698359,94
698359,1125
698359,3762
698359,216
698359,226
698360,94
698360,1125
698360,3762
698361,242
698361,884
698361,217
698361,115
698361,91
698361,3136
698362,884
698362,217
698362,115
698362,91
698362,3136
698363,242
698363,884
698363,217
698363,115
698363,91
698364,242
698364,884
698364,217
698364,115
698364,91
698364,3136
698365,115
698365,91
698366,115
698366,91
698366,3136
698367,94
698367,1125
698367,3762
698368,1313
698368,1742
698368,3517
698368,3573
698369,2816
698369,952
698369,1782
